125   92
127   91
125   95
124   108
113   110
108   125
114   135
114   136
108   137
112   145
107   145
106   149
99   148
98   150
101   153
101   162
101   162
102   164
99   164
96   161
95   163
96   167
95   169
97   171
100   174
96   176
94   177
93   180
99   185
102   182
107   182
106   184
102   187
100   189
100   190
97   189
97   189
94   187
90   186
79   184
75   186
74   182
77   177
77   177
74   172
79   170
79   168
86   164
87   171
89   172
92   166
91   165
90   157
87   155
97   142
100   140
95   133
84   142
83   150
77   158
70   173
72   180
72   181
71   184
71   189
79   188
84   190
87   191
89   193
85   194
78   195
80   198
79   202
82   205
74   203
74   199
72   201
70   205
62   210
60   213
59   212
47   209
53   225
58   229
54   240
70   239
73   246
73   254
80   240
90   238
90   233
93   229
98   232
102   227
97   225
102   217
94   221
87   223
86   225
84   224
81   229
78   225
78   218
71   223
68   217
70   215
74   213
78   209
82   209
83   207
85   206
85   205
86   204
90   200
95   204
94   204
92   206
91   210
97   208
107   208
113   205
105   204
101   204
97   205
97   201
97   197
98   196
100   194
107   197
108   197
115   189
111   185
111   178
108   172
105   167
109   166
106   161
109   156
111   153
111   153
112   150
114   151
115   151
124   150
126   151
130   149
143   158
131   159
132   163
133   166
131   170
121   162
115   161
114   164
115   166
117   165
117   166
116   172
123   175
121   178
117   183
128   187
144   252
146   258
152   260
151   274
157   274
162   272
174   262
180   253
181   242
195   240
195   237
196   228
199   228
202   230
201   234
207   236
210   236
212   235
211   231
221   229
226   229
228   231
231   227
231   226
244   229
241   219
239   215
232   213
226   221
227   225
221   227
218   227
215   222
213   213
210   213
208   213
206   219
205   215
200   212
198   208
205   202
214   191
221   189
224   187
225   187
223   186
224   176
184   116
180   116
180   118
176   117
175   116
164   119
164   121
161   119
159   124
169   128
162   133
159   135
147   128
145   131
144   134
140   141
135   133
135   132
131   137
130   138
122   132
123   127
122   125
119   123
128   122
129   121
129   122
128   128
143   126
146   119
152   121
153   115
157   112
160   114
164   112
165   110
162   108
164   107
163   105
166   104
169   106
175   107
175   106
177   101
177   99
182   100
183   105
182   108
185   111
186   109
190   110
186   97
189   96
194   95
200   93
203   98
206   97
206   92
211   92
209   90
205   83
204   84
202   88
196   90
193   87
193   83
189   88
189   92
185   92
178   94
173   84
172   81
179   79
181   73
182   73
181   68
183   64
196   65
196   68
194   69
197   74
202   69
207   75
213   77
216   81
216   83
216   92
217   93
221   102
234   100
237   98
231   93
223   83
227   77
224   74
225   72
226   69
226   68
223   63
221   61
224   60
226   63
232   70
237   79
245   77
251   82
254   85
256   85
263   89
265   91
272   98
273   93
270   90
271   90
272   89
275   88
271   87
269   88
267   87
263   82
259   76
258   73
265   65
266   64
270   75
271   75
274   75
273   80
272   81
272   82
278   80
278   80
284   80
281   75
282   71
285   76
288   79
289   76
290   76
291   78
295   82
294   83
292   84
289   89
304   85
306   87
308   88
310   85
310   83
310   82
314   83
314   85
317   88
309   94
297   97
302   151
304   153
309   151
319   159
311   163
305   176
306   182
310   189
310   189
314   182
315   181
316   182
318   180
316   177
317   173
321   174
329   176
332   179
324   184
330   187
358   188
383   190
385   203
370   197
353   194
346   193
341   193
330   196
328   204
324   201
322   200
323   198
323   191
321   195
318   200
307   203
303   198
303   191
294   180
290   175
286   176
283   179
287   187
289   196
273   187
274   182
279   176
276   173
279   163
285   158
288   153
276   148
270   168
255   169
252   173
242   174
248   175
254   178
256   177
256   181
261   182
262   186
267   188
268   193
261   197
263   201
261   200
254   200
252   194
240   185
231   186
234   193
238   196
241   198
247   200
240   204
226   203
219   207
222   213
224   213
228   212
231   210
236   208
238   210
242   210
245   209
249   206
251   217
257   222
260   231
292   253
294   256
290   262
297   271
292   269
286   268
285   275
279   280
287   282
284   285
282   286
275   289
279   294
290   290
295   284
301   287
303   286
305   286
312   280
322   281
315   263
309   268
306   269
307   263
303   263
301   262
309   246
314   254
321   255
326   253
323   250
330   225
333   224
324   216
330   207
337   206
341   207
346   208
345   218
342   221
357   229
361   238
366   233
367   232
361   219
358   216
358   211
357   205
369   210
369   217
372   221
375   218
377   217
377   220
377   225
382   227
378   236
379   241
380   244
381   242
383   238
383   235
386   232
392   233
396   241
395   253
396   265
397   266
395   275
395   293
396   293
406   278
402   269
404   270
409   268
413   273
417   273
423   272
426   275
423   278
426   279
427   284
425   285
427   288
430   289
435   294
437   294
442   296
446   311
443   319
437   319
437   314
436   310
434   309
432   308
430   303
428   301
428   297
428   296
422   294
418   292
416   290
414   282
414   281
414   280
409   280
408   283
409   289
410   290
408   296
410   304
414   299
415   302
420   306
420   311
415   311
418   320
418   323
414   327
425   323
426   323
427   324
426   326
423   334
428   333
430   336
433   338
435   339
442   345
444   347
446   347
447   350
455   353
447   355
445   363
435   351
431   341
431   339
425   339
424   340
425   350
424   355
418   348
412   351
404   349
408   344
409   347
414   346
419   343
418   341
414   338
410   333
405   334
389   340
390   341
391   345
388   348
389   354
394   353
397   359
395   360
393   366
389   368
392   369
397   375
408   370
410   368
410   362
409   357
415   359
417   360
417   362
423   365
423   369
429   369
440   379
427   388
424   387
420   376
417   372
416   372
417   382
410   385
407   380
400   385
398   389
396   395
393   395
386   397
383   401
401   466
419   470
411   479
408   481
401   484
397   478
388   475
389   465
393   465
373   398
371   396
377   390
378   389
380   389
384   384
388   381
388   380
387   380
383   378
381   378
380   379
381   382
378   384
375   383
374   383
375   377
376   374
373   373
370   371
368   366
376   365
381   372
386   365
383   363
381   358
378   359
375   354
377   351
373   350
367   352
367   353
363   352
353   359
350   365
347   370
352   374
354   371
356   375
360   380
369   382
367   385
366   393
361   395
362   396
361   402
358   402
357   389
352   391
348   400
344   393
337   395
337   402
337   408
327   410
328   408
330   396
333   391
333   385
332   383
336   381
337   381
342   384
341   379
336   372
335   369
336   369
336   367
340   362
339   358
341   352
334   359
333   366
333   370
330   371
330   369
329   367
326   370
323   370
322   361
319   356
314   354
306   356
307   357
309   362
312   364
309   368
305   371
303   372
306   374
304   378
303   386
308   380
315   382
313   376
318   375
319   379
324   378
325   385
320   386
322   389
319   390
304   394
303   392
301   391
297   393
292   390
291   390
294   387
282   374
283   367
282   364
281   364
281   360
285   360
291   365
295   370
295   375
298   373
296   362
291   358
289   357
291   355
293   355
300   355
301   354
301   350
301   349
306   345
307   344
311   340
313   343
317   349
328   355
331   352
334   346
332   346
328   344
321   338
320   339
309   337
303   338
299   338
295   337
296   339
295   342
291   344
287   337
286   334
288   334
289   331
284   330
285   327
286   325
288   325
297   330
300   331
301   332
301   324
310   325
311   320
315   314
317   314
318   305
319   297
315   294
313   298
313   299
311   299
308   298
309   292
304   291
297   291
293   293
297   299
294   302
299   302
302   300
302   303
304   304
304   306
306   312
304   316
300   317
297   320
295   321
292   318
294   316
285   308
283   300
281   302
278   302
273   304
274   307
273   310
269   313
271   318
277   316
281   316
281   321
279   326
279   328
278   331
277   330
271   333
271   338
269   339
272   341
272   344
275   343
274   345
278   350
276   350
274   353
261   352
259   345
267   342
266   338
262   330
268   323
269   321
265   317
259   313
256   313
259   308
267   306
266   301
265   301
224   259
220   256
229   249
229   248
221   247
208   256
215   265
215   269
202   266
195   259
196   254
200   253
204   248
203   247
204   241
197   241
195   247
188   247
186   247
183   268
187   272
190   285
187   285
187   287
187   290
185   292
178   289
173   284
173   276
168   281
163   285
162   287
157   286
147   287
143   283
143   283
141   293
149   306
159   304
167   301
169   304
169   305
174   302
176   307
181   312
184   314
190   319
186   325
182   321
179   319
177   317
173   315
170   313
164   317
172   331
182   329
188   331
185   336
177   336
177   338
174   337
173   344
172   363
170   363
171   368
181   368
185   364
189   363
181   376
182   379
177   382
173   381
175   387
170   386
166   394
160   393
159   385
158   369
154   365
152   350
153   335
163   334
162   329
151   322
150   314
149   316
144   319
140   313
140   318
140   325
145   329
142   339
142   347
143   360
146   361
143   363
139   386
140   395
142   398
142   401
145   401
146   404
141   412
150   416
153   425
153   426
163   427
166   441
171   439
170   430
167   419
168   418
169   414
164   418
160   418
158   409
164   405
171   404
180   401
187   404
185   406
188   413
187   413
181   415
181   419
180   422
185   424
191   436
199   434
211   437
214   424
215   430
226   448
222   451
220   450
215   456
214   453
212   447
208   443
200   438
198   438
192   443
189   448
187   447
187   438
188   436
182   433
178   435
178   438
177   446
176   447
170   457
191   465
199   462
203   456
203   463
209   464
215   464
222   462
221   473
229   470
228   477
232   475
235   479
243   487
252   492
256   488
254   488
251   485
251   482
246   471
236   462
233   460
236   457
231   452
229   449
231   442
235   441
244   438
241   449
247   457
250   458
251   449
258   451
260   454
260   453
259   449
264   445
269   454
273   452
278   465
274   473
272   476
263   476
260   468
259   468
258   473
259   474
259   478
259   479
261   482
259   485
261   492
268   493
279   491
279   491
288   490
291   488
288   485
285   487
285   486
280   480
285   480
285   478
291   479
303   472
307   466
308   467
311   473
309   485
317   482
326   486
311   498
298   496
293   503
301   512
302   516
316   516
316   513
319   512
327   513
325   503
330   498
338   506
338   515
348   509
352   501
354   500
356   496
355   493
350   481
332   472
332   471
344   472
349   468
356   469
362   468
370   467
366   475
367   476
366   480
372   478
370   483
368   489
370   498
365   502
365   505
361   504
363   515
373   512
381   512
383   503
392   500
385   490
398   490
402   499
409   501
413   497
416   491
416   486
424   485
422   499
422   508
424   510
436   507
435   503
436   500
444   490
450   487
453   494
453   502
452   505
458   514
458   507
460   506
461   506
460   503
466   501
469   492
470   489
469   486
467   482
472   481
475   488
475   490
477   495
487   495
491   496
485   496
485   496
479   501
475   507
472   515
480   511
493   513
499   496
497   492
504   490
511   485
508   483
506   481
501   482
496   486
495   487
492   490
489   489
489   487
485   484
479   481
482   480
484   479
482   475
481   471
476   473
465   468
446   471
458   463
473   464
477   453
485   453
492   447
487   439
488   439
490   435
490   427
498   423
501   429
505   425
508   422
514   425
514   421
510   416
505   409
506   408
513   412
514   409
517   406
518   409
523   409
533   413
520   416
522   419
522   426
524   429
524   428
526   423
530   421
531   420
536   423
533   434
536   439
534   441
524   442
522   442
523   436
519   433
512   433
509   437
511   441
513   443
508   442
504   440
503   441
503   443
505   446
505   446
505   448
503   454
498   448
494   449
496   453
496   455
496   458
497   458
498   460
493   459
492   462
491   465
486   461
481   463
480   463
481   465
481   465
483   465
482   469
487   470
490   468
491   474
493   478
493   478
495   477
497   474
499   478
499   478
509   474
507   469
504   469
503   468
504   466
511   460
512   457
516   456
516   454
518   455
519   458
519   464
518   475
528   476
538   454
539   444
539   437
539   436
541   434
545   434
545   426
550   426
556   422
559   418
572   413
563   407
550   406
546   411
545   417
542   421
540   418
540   417
539   416
539   416
540   412
541   404
544   402
535   398
534   399
533   400
531   396
527   399
526   394
529   390
532   387
525   388
524   387
519   380
514   373
518   368
525   374
527   378
529   379
529   377
537   368
536   373
534   377
536   379
541   383
538   389
538   394
541   392
546   390
546   397
551   400
560   399
562   397
556   389
555   380
549   379
553   374
552   362
565   363
564   360
573   351
577   345
576   343
579   337
572   336
566   338
561   343
567   328
574   325
583   306
577   304
583   294
573   284
570   276
563   275
564   270
562   266
565   267
569   267
571   258
568   254
568   254
558   255
558   251
554   249
552   258
540   255
538   247
534   243
534   235
533   231
537   227
543   222
545   222
547   231
546   233
545   243
547   244
547   244
555   241
555   244
567   247
568   244
568   238
566   225
564   215
564   214
566   206
554   194
549   197
552   200
549   205
554   215
552   215
548   216
546   216
546   218
541   216
534   211
538   204
540   198
535   199
533   197
530   207
527   211
527   209
527   208
525   202
522   199
524   199
527   197
525   195
525   194
523   191
529   186
531   190
533   189
534   191
539   189
545   189
538   184
535   180
542   181
545   176
546   165
538   173
536   176
534   173
524   179
525   177
524   170
522   173
514   175
511   179
508   180
509   184
510   186
511   184
515   184
519   183
520   187
516   193
510   191
507   187
496   188
499   190
503   194
502   201
505   200
509   204
511   205
514   207
515   206
517   205
515   208
516   213
511   213
508   212
507   217
496   223
508   224
509   230
517   226
521   233
525   234
523   237
524   242
512   242
514   247
525   249
523   252
522   259
520   263
513   264
523   269
525   273
528   276
527   273
529   261
529   256
536   258
536   261
534   262
539   265
537   267
539   271
541   272
540   278
536   278
532   278
529   284
531   286
527   290
532   294
527   296
529   298
530   304
533   306
535   306
533   307
531   308
528   310
528   311
537   311
541   313
542   313
548   315
544   308
538   300
540   289
545   289
546   290
546   293
547   290
553   282
550   281
547   277
546   273
548   275
553   274
555   274
560   283
561   285
567   283
566   286
565   290
570   293
568   296
565   299
559   303
560   308
563   310
564   309
566   307
566   308
564   317
569   317
568   321
568   323
561   327
556   323
548   325
541   324
537   320
532   318
531   321
530   332
529   334
534   329
536   327
537   328
541   334
545   334
554   335
552   338
548   343
540   345
533   351
532   357
524   345
456   326
448   296
447   290
449   288
439   284
433   284
434   281
435   280
434   278
438   274
432   277
430   275
431   269
438   256
435   251
423   258
425   250
423   248
426   242
429   243
431   240
434   233
424   228
411   243
408   235
411   226
397   222
392   219
390   215
396   216
397   206
486   190
484   182
491   183
490   175
487   171
488   171
489   169
493   167
499   175
499   177
506   177
511   170
509   169
506   168
499   168
497   168
495   163
492   158
489   157
488   153
492   150
492   146
490   147
488   144
484   141
481   139
482   145
483   146
484   148
484   156
482   157
473   159
469   153
475   153
476   152
474   142
464   142
456   133
462   128
466   125
463   121
464   119
469   114
472   118
476   117
476   111
472   111
472   104
478   102
482   107
483   112
484   112
486   111
491   109
491   111
489   119
476   124
470   124
468   127
465   132
468   132
471   130
472   132
472   136
475   133
475   132
486   132
493   138
502   141
505   142
503   144
501   152
503   156
506   158
501   157
500   159
504   162
505   163
509   160
517   161
518   159
524   158
525   160
529   156
525   142
520   142
513   147
510   151
507   141
505   135
511   135
508   130
502   132
492   131
491   130
496   128
500   125
503   121
502   116
509   114
506   106
502   106
492   94
479   98
475   92
472   93
470   87
463   78
463   85
457   93
452   94
451   95
450   94
447   100
457   99
457   97
460   94
464   93
469   94
470   94
473   99
470   99
469   99
468   103
464   104
463   106
461   106
462   108
458   109
460   110
460   113
461   115
462   117
460   119
455   121
447   120
442   114
441   114
439   115
437   109
432   112
430   109
430   101
432   94
434   89
435   82
439   81
439   81
442   83
440   87
443   93
442   95
443   94
444   94
447   89
450   84
454   84
454   79
453   74
451   72
450   71
454   69
462   72
461   67
462   51
442   59
441   59
442   62
438   75
438   76
436   78
434   79
428   85
425   96
421   101
416   94
406   88
408   97
403   104
391   96
385   89
384   83
391   86
393   84
393   83
392   80
398   80
403   71
404   63
416   63
412   68
411   76
418   79
419   84
421   81
420   75
419   72
422   71
421   70
419   68
422   63
422   50
423   43
413   51
411   45
406   48
403   47
401   36
391   38
389   55
394   51
398   54
399   55
405   52
406   55
402   59
398   62
397   63
400   68
400   71
394   73
386   78
382   77
374   83
370   73
372   70
371   67
372   66
377   66
376   60
375   59
380   59
380   54
375   49
368   39
367   41
360   47
356   51
352   49
353   51
351   54
352   55
357   55
364   61
361   64
362   71
366   72
364   75
362   83
359   88
362   96
353   94
357   86
355   83
353   74
346   71
346   69
346   67
352   64
348   61
346   52
350   44
342   40
332   54
327   50
320   45
315   42
313   43
312   43
299   44
295   44
287   47
290   51
297   51
299   52
299   53
299   59
302   59
304   60
303   57
302   54
302   52
304   52
307   52
308   56
315   56
317   53
321   60
323   62
317   63
311   66
325   70
326   73
327   73
328   66
333   66
336   63
337   67
336   73
330   77
333   79
339   80
340   80
342   91
339   94
334   98
320   93
323   85
320   83
312   77
311   72
308   73
303   71
302   68
298   67
297   65
295   68
296   70
291   68
289   62
285   59
279   59
275   60
276   53
280   46
281   43
276   46
272   53
267   50
265   50
265   59
254   60
255   56
248   52
244   51
242   49
240   55
241   57
246   61
238   59
226   53
220   53
220   55
215   56
211   52
209   59
211   62
207   61
206   61
204   58
199   63
198   60
201   49
172   50
159   54
172   65
173   67
172   69
163   76
163   77
153   84
154   92
155   93
157   92
161   89
167   92
168   97
158   100
156   100
154   97
152   99
156   106
151   112
144   116
143   113
142   109
135   112
134   103
144   99
145   99
149   94
149   92
147   89
147   88
140   87
146   86
150   83
150   83
150   81
141   73
0   0
0   0
0   0
0   0
0   0
0   0
0   0
0   0
0   0
0   0
0   0
0   0
0   0
0   0
0   0
0   0
0   0
0   0
0   0
0   0
0   0
0   0
0   0
0   0
0   0
0   0
0   0
0   0
0   0
0   0
0   0
0   0
0   0
0   0
0   0
0   0
0   0
0   0
0   0
0   0
0   0
0   0
0   0
0   0
0   0
0   0
0   0
0   0
0   0
0   0
0   0
0   0
0   0
0   0
0   0
0   0
0   0
0   0
0   0
0   0
0   0
0   0
0   0
0   0
0   0
0   0
0   0
0   0
0   0
0   0
0   0
0   0
0   0
0   0
0   0
0   0
0   0
0   0
0   0
0   0
0   0
0   0
0   0
0   0
0   0
0   0
0   0
0   0
0   0
0   0
0   0
0   0
0   0
0   0
0   0
0   0
0   0
0   0
0   0
0   0
0   0
0   0
0   0
0   0
0   0
0   0
0   0
0   0
0   0
0   0
0   0
0   0
0   0
0   0
0   0
0   0
0   0
0   0
0   0
0   0
0   0
0   0
0   0
0   0
0   0
0   0
0   0
0   0
0   0
0   0
0   0
0   0
0   0
0   0
0   0
0   0
0   0
0   0
0   0
0   0
0   0
0   0
0   0
0   0
0   0
0   0
0   0
0   0
0   0
0   0
0   0
0   0
0   0
0   0
0   0
0   0
0   0
0   0
0   0
0   0
0   0
0   0
0   0
0   0
0   0
0   0
0   0
0   0
0   0
0   0
0   0
0   0
0   0
0   0
0   0
0   0
0   0
0   0
0   0
0   0
0   0
0   0
0   0
0   0
0   0
0   0
0   0
0   0
0   0
0   0
0   0
0   0
0   0
0   0
0   0
0   0
0   0
0   0
0   0
0   0
0   0
0   0
0   0
0   0
0   0
0   0
0   0
0   0
0   0
0   0
0   0
0   0
0   0
0   0
0   0
0   0
0   0
0   0
0   0
0   0
0   0
0   0
0   0
0   0
0   0
0   0
0   0
0   0
0   0
0   0
0   0
0   0
0   0
0   0
0   0
0   0
0   0
0   0
0   0
0   0
0   0
0   0
0   0
0   0
0   0
0   0
0   0
0   0
0   0
0   0
0   0
0   0
0   0
0   0
0   0
0   0
0   0
0   0
0   0
0   0
0   0
0   0
0   0
0   0
0   0
0   0
0   0
0   0
0   0
0   0
0   0
0   0
0   0
0   0
0   0
0   0
0   0
0   0
0   0
0   0
0   0
0   0
0   0
0   0
0   0
0   0
0   0
0   0
0   0
0   0
0   0
0   0
0   0
0   0
0   0
0   0
0   0
0   0
0   0
0   0
0   0
0   0
0   0
0   0
0   0
0   0
0   0
0   0
0   0
0   0
0   0
0   0
0   0
0   0
0   0
0   0
0   0
0   0
0   0
0   0
0   0
0   0
0   0
0   0
0   0
0   0
0   0
0   0
0   0
0   0
0   0
0   0
0   0
0   0
0   0
0   0
0   0
0   0
0   0
0   0
0   0
0   0
0   0
0   0
0   0
0   0
0   0
0   0
0   0
0   0
0   0
0   0
0   0
0   0
0   0
0   0
0   0
0   0
0   0
0   0
0   0
0   0
0   0
0   0
0   0
0   0
0   0
0   0
0   0
0   0
0   0
0   0
0   0
0   0
0   0
0   0
0   0
0   0
0   0
0   0
0   0
0   0
0   0
0   0
0   0
0   0
0   0
0   0
0   0
0   0
0   0
0   0
0   0
0   0
0   0
0   0
0   0
0   0
0   0
0   0
0   0
0   0
0   0
0   0
0   0
0   0
0   0
0   0
0   0
0   0
0   0
0   0
0   0
0   0
0   0
0   0
0   0
0   0
0   0
0   0
0   0
0   0
0   0
0   0
0   0
0   0
0   0
0   0
0   0
0   0
0   0
0   0
0   0
0   0
0   0
0   0
0   0
0   0
0   0
0   0
0   0
0   0
0   0
0   0
0   0
0   0
0   0
0   0
0   0
0   0
0   0
0   0
0   0
0   0
0   0
0   0
0   0
0   0
0   0
0   0
0   0
0   0
0   0
0   0
0   0
0   0
0   0
0   0
0   0
0   0
0   0
0   0
0   0
0   0
0   0
0   0
0   0
0   0
0   0
0   0
0   0
0   0
0   0
0   0
0   0
0   0
0   0
0   0
0   0
0   0
0   0
0   0
0   0
0   0
0   0
0   0
0   0
0   0
0   0
0   0
0   0
0   0
0   0
0   0
0   0
0   0
0   0
0   0
0   0
0   0
0   0
0   0
0   0
0   0
0   0
0   0
0   0
0   0
0   0
0   0
0   0
0   0
0   0
0   0
0   0
0   0
0   0
0   0
0   0
0   0
0   0
0   0
0   0
0   0
0   0
0   0
0   0
0   0
0   0
0   0
0   0
0   0
0   0
0   0
0   0
0   0
0   0
0   0
0   0
0   0
0   0
0   0
0   0
0   0
0   0
0   0
0   0
0   0
0   0
0   0
0   0
0   0
0   0
0   0
0   0
0   0
0   0
0   0
0   0
0   0
0   0
0   0
0   0
0   0
0   0
0   0
0   0
0   0
0   0
0   0
0   0
0   0
0   0
0   0
0   0
0   0
0   0
0   0
0   0
0   0
0   0
0   0
0   0
0   0
0   0
0   0
0   0
0   0
0   0
0   0
0   0
0   0
0   0
0   0
0   0
0   0
0   0
0   0
0   0
0   0
0   0
0   0
0   0
0   0
0   0
0   0
0   0
0   0
0   0
0   0
0   0
0   0
0   0
0   0
0   0
0   0
0   0
0   0
0   0
0   0
0   0
0   0
0   0
0   0
0   0
0   0
0   0
0   0
0   0
0   0
0   0
0   0
0   0
0   0
0   0
0   0
0   0
0   0
0   0
0   0
0   0
0   0
0   0
0   0
0   0
0   0
0   0
0   0
0   0
0   0
0   0
0   0
0   0
0   0
0   0
0   0
0   0
0   0
0   0
0   0
0   0
0   0
0   0
0   0
0   0
0   0
0   0
0   0
0   0
0   0
0   0
0   0
0   0
0   0
0   0
0   0
0   0
0   0
0   0
0   0
0   0
0   0
0   0
0   0
0   0
0   0
0   0
0   0
0   0
0   0
0   0
0   0
0   0
0   0
0   0
0   0
0   0
0   0
0   0
0   0
0   0
0   0
0   0
0   0
0   0
0   0
0   0
0   0
0   0
0   0
0   0
0   0
0   0
0   0
0   0
0   0
0   0
0   0
0   0
0   0
0   0
0   0
0   0
0   0
0   0
0   0
0   0
0   0
0   0
0   0
0   0
0   0
0   0
0   0
0   0
0   0
0   0
0   0
0   0
0   0
0   0
0   0
0   0
0   0
0   0
0   0
0   0
0   0
0   0
0   0
0   0
0   0
0   0
0   0
0   0
0   0
0   0
0   0
0   0
0   0
0   0
0   0
0   0
0   0
0   0
0   0
0   0
0   0
0   0
0   0
0   0
0   0
0   0
0   0
0   0
0   0
0   0
0   0
0   0
0   0
0   0
0   0
0   0
0   0
0   0
0   0
0   0
0   0
0   0
0   0
0   0
0   0
0   0
0   0
0   0
0   0
0   0
0   0
0   0
0   0
0   0
0   0
0   0
0   0
0   0
0   0
0   0
0   0
0   0
0   0
0   0
0   0
0   0
0   0
0   0
0   0
0   0
0   0
0   0
0   0
0   0
0   0
0   0
0   0
0   0
0   0
0   0
0   0
0   0
0   0
0   0
0   0
0   0
0   0
0   0
0   0
0   0
0   0
0   0
0   0
0   0
0   0
0   0
0   0
0   0
0   0
0   0
0   0
0   0
0   0
0   0
0   0
0   0
0   0
0   0
0   0
0   0
0   0
0   0
0   0
0   0
0   0
0   0
0   0
0   0
0   0
0   0
0   0
0   0
0   0
0   0
0   0
0   0
0   0
0   0
0   0
0   0
0   0
0   0
0   0
0   0
0   0
0   0
0   0
0   0
0   0
0   0
0   0
0   0
0   0
0   0
0   0
0   0
0   0
0   0
0   0
0   0
0   0
0   0
0   0
0   0
0   0
0   0
0   0
0   0
0   0
0   0
0   0
0   0
0   0
0   0
0   0
0   0
0   0
0   0
0   0
0   0
0   0
0   0
0   0
0   0
0   0
0   0
0   0
0   0
0   0
0   0
0   0
0   0
0   0
0   0
0   0
0   0
0   0
0   0
0   0
0   0
0   0
0   0
0   0
0   0
0   0
0   0
0   0
0   0
0   0
0   0
0   0
0   0
0   0
0   0
0   0
0   0
0   0
0   0
0   0
0   0
0   0
0   0
0   0
0   0
0   0
0   0
0   0
0   0
0   0
0   0
0   0
0   0
0   0
0   0
0   0
0   0
0   0
0   0
0   0
0   0
0   0
0   0
0   0
0   0
0   0
0   0
0   0
0   0
0   0
0   0
0   0
0   0
0   0
